 2.160200  OVIII_2      6.9450e-01  3.3090e+12   15.9994   1
 21.60200  OVII_21      6.9450e-01  3.3090e+12   15.9994   1
 913.8260  Ly_20        1.6980e-04  0.0000e+00   1.0079    15   
 914.0390  Ly_19        1.9670e-04  0.0000e+00   1.0079    15	
 914.2860  Ly_18        2.2960e-04  0.0000e+00   1.0079    15	
 914.5760  Ly_17        2.7020e-04  0.0000e+00   1.0079    15	
 914.9190  Ly_16        3.2110e-04  0.0000e+00   1.0079    15	
 915.3290  Ly_15        3.8560e-04  0.0000e+00   1.0079    15	
 915.8240  Ly_14        4.6860e-04  0.0000e+00   1.0079    15	
 916.4290  Ly_13        5.7740e-04  0.0000e+00   1.0079    15 
 916.9310  D_12         7.2330e-04  0.0000e+00   2.0079    2
 917.1806  Ly_12        7.2260e-04  1.9100e+06   1.0079    1+
 917.8796  D_11         9.2220e-04  0.0000e+00   2.0079    2
 918.1294  Ly_11        9.2130e-04  2.4300e+06   1.0079    1+
 919.1013  D_10         1.2010e-03  0.0000e+00   2.0079    2
 919.3514  Ly_10        1.2000e-03  3.1580e+06   1.0079    1+
 919.9080  OI_919       1.7800e-04  0.0000e+00  15.9994    1
 920.7125  D_9          1.6070e-03  0.0000e+00   2.0079    2  
 920.9631  Ly_9         1.6050e-03  4.2080e+06   1.0079    1+
 921.8570  OI_921       1.0800e-03  0.0000e+00  15.9994    2
 922.2000  OI_922       2.4490e-04  0.0000e+00  15.9994    1
 922.8992  D_8          2.2180e-03  0.0000e+00   2.0079    2
 923.1504  Ly_8         2.2160e-03  5.7820e+06   1.0079    1+
 924.9520  OI_924       1.5300e-03  0.0000e+00  15.9994    9
 925.4420  OI_925       3.5390e-04  0.0000e+00  15.9994    1
 925.9737  D_7          3.1840e-03  0.0000e+00   2.0079    1
 926.2121  FeII_926.2   5.5200e-02  0.0000e+00  55.8450    2
 926.2257  Ly_7         3.1830e-03  8.2490e+06   1.0079    1+
 926.8980  FeII_926.8   5.9020e-03  0.0000e+00  55.8450    1  
 929.5168  OI_929       1.9300e-03  0.0000e+00  15.9994  1,16  
 930.2566  OI_930       5.3740e-04  0.0000e+00  15.9994    1
 930.4951  D_6          4.8170e-03  0.0000e+00   2.0079    1
 930.7483  Ly_6         4.8160e-03  1.2360e+07   1.0079    1+
 933.3780  SVI_933      4.4140e-01  1.6900e+09  32.0660    1
 935.5175  FeII_935     2.5600e-02  0.0000e+00  55.8450    2
 936.6295  OI_936       3.0500e-03  0.0000e+00  15.9994  1,16
 937.5484  D_e          7.8080e-03  2.4520e+07   2.0079    1  
 937.6520  FeII_937     1.9540e-02  0.0000e+00  55.8750    1 
 937.8035  Ly_e         7.8040e-03  2.4500e+07   1.0079    1
 937.8405  OI_937       8.7220e-04  0.0000e+00  15.9994    1
 940.1992  FeII_940     1.2050e-02  0.0000e+00  55.8750    1 
 944.5230  SVI_944      2.1810e-01  1.6310e+08  32.0660    1
 945.1910  CI_945       1.5200e-01  0.0000e+00  12.0107  1,16
 948.6855  OI_948       5.3000e-03  0.0000e+00  15.9994  1,16
 949.4847  D_d          1.3950e-02  4.2060e+07   2.0079    1  
 949.7431  Ly_d         1.3940e-02  4.2030e+07   1.0079    1
 950.8846  OI_950       1.5710e-03  3.8760e+07  15.9994    1
 951.8700  FI_951       1.6460e-02  7.6180e+08  18.9984  1,32,1 
 952.3034  NI_952.3     2.2870e-03  4.8100e+07  14.0067  1,20,2
 952.4148  NI_952.4     1.9720e-03  5.1300e+07  14.0067  1,20,2
 952.5227  NI_952.5     5.1810e-04  4.4700e+07  14.0067  1,20,2
 953.4152  NI_953.4     1.2950e-02  2.1900e+08  14.0067  1,20,2
 953.6549  NI_953.6     2.4690e-02  2.1000e+08  14.0067  1,20,2
 953.9699  NI_953.9     3.3070e-02  2.0300e+08  14.0067  1,20,2
 954.1042  NI_954       3.9990e-03  1.4100e+08  14.0067  1,20,2
 954.8260  FI_954       8.1750e-02  7.5910e+08  18.9984  1,32,1 
 961.0410  PII_961      3.4890e-01  5.0900e+09  30.9738  1,1,2
 963.8010  PII_963      1.4580e+00  4.1400e+09  30.9738  1,1,2
 963.9903  NI_963       1.2410e-02  8.5500e+07  14.0067  1,20,2
 964.6256  NI_964       7.8970e-03  8.3100e+07  14.0000  1,20,2
 965.0413  NI_965       3.8560e-03  8.1600e+07  14.0067  1,20,2
 971.7382  OI_971       1.2440e-02  6.5990e+07  15.9994    1
 972.1428  OI_972       3.1700e-04  1.5040e+07  15.9994    1
 972.2722  D_g          2.9010e-02  1.3080e+07   2.0079    1
 972.5368  Ly_g         2.9000e-02  8.1260e+07   1.0079    1
 976.4481  OI_976       3.3000e-03  8.0100e+07  15.9994    1
 977.0200  CIII_977     7.6200e-01  1.7750e+09  12.0107    1
 984.2865  ClI_984      2.4430e-02  0.0000e+00  35.4527    1
 987.9145  ClI_987      3.7840e-02  0.0000e+00  35.4527    1
 988.7734  OI_988       4.3180e-02  2.3940e+08  15.9994    1
 989.7990  NIII_989     1.2300e-01  5.0000e+08  14.0067  1,16,2
 989.8731  SiII_989     1.7100e-01  6.6730e+08  28.0855  1,9,1
 990.2043  OI*_990      3.8500e-02  2.3880e+08  15.9994    1
 992.6828  SiII*_992    1.5300e-01  6.6350e+08  28.0855  1,36,1
 996.5402  ClI_996      2.0790e-02  0.0000e+00  35.4527    1
1002.3464  ClI_1002     7.0460e-02  0.0000e+00  35.4527    1
1004.6676  ClI_1004     1.5770e-01  0.0000e+00  35.4527    1
1012.5020  SIII_1012    4.4000e-02  2.2810e+08  32.0660  1,22,1
1020.6989  SiII_1020    1.5100e-02  6.6800e+08  28.0855  1,9,1
1025.2821  ClI_1025     4.4460e-02  0.0000e+00  35.4527    1
1025.4433  D_b          7.9120e-02  2.2450e+07   2.0079    1
1025.7223  Ly_b         7.9120e-02  1.8970e+08   1.0079    1
1025.7616  OI_1025      1.7050e-02  1.0070e+08  15.9994    1
1025.9681  MgII_1025    7.4270e-04  0.0000e+00  24.3050  1,17
1026.1134  MgII_1026    3.9210e-04  0.0000e+00  24.3050  1,17
1026.4757  OI_1026      8.7070e-08  5.3030e+07  15.9994  1,20,1 
1028.1739  ClI_1028     2.2280e-02  0.0000e+00  35.4527    1
1030.8845  ClI_1030     2.8700e-02  0.0000e+00  35.4527    1
1031.5070  ClI_1031     1.5060e-01  0.0000e+00  35.4527    1
1031.9261  OVI_1031     1.3290e-01  4.1630e+08  15.9994    1
1036.3367  CII_1036     1.2310e-01  2.2900e+09  12.0107    1
1037.0182  CII*_1037    1.2300e-01  2.2900e+09  12.0107    1
1037.6167  OVI_1037     6.6090e-02  4.0950e+08  15.9994    1
1039.2304  OI_1039      9.1970e-03  1.8880e+08  15.9994    1
1042.7793  ClI_1042     2.5000e-02  0.0000e+00  35.4527    1
1043.9857  ClI_1043     1.8110e-02  0.0000e+00  35.4527    1
1048.2199  ArI_1048     2.6300e-01  3.1800e+07  39.9480    2 
1055.2617  FeII_1055    7.5000e-03  0.0000e+00  55.8450  1,3
1058.7320  CrII_1058    1.6850e-03  0.0000e+00  51.9961    29
1059.7320  CrII_1059    1.0880e-02  0.0000e+00  51.9961    29
1062.1520  FeII_1062    3.8020e-03  0.0000e+00  55.8450    1
1062.6620  SIV_1062     4.8700e-02  1.4100e+08  32.0660  1,9,1
1063.1764  FeII_1063.1  5.9980e-02  0.0000e+00  55.8450    1
1063.9718  FeII_1063.9  3.7000e-03  0.0000e+00  55.8450  1,3
1064.1240  CrII_1064    7.9770e-03  0.0000e+00  51.9961    29
1066.6598  ArI_1066     6.7500e-02  1.3200e+08  39.9480    2 
1066.7760  CrII_1066    5.2050e-03  0.0000e+00  51.9961    29
1081.8750  FeII_1081    1.2600e-02  0.0000e+00  55.8450    29
1083.4200  FeII_1083    2.7990e-03  0.0000e+00  55.8450    29
1083.9900  NII_1084     1.1070e-01  3.7400e+08  14.0067  1,21,2
1084.6670  ClI_1084     3.2000e-02  0.0000e+00  35.4527  1,33
1088.0589  ClI_1088     8.1000e-02  0.0000e+00  35.4527  1,34
1094.7686  ClI_1094     1.6600e-02  0.0000e+00  35.4527  1,33  
1096.8098  ClI_1096     1.0900e-02  0.0000e+00  35.4527  1,33  
1096.8769  FeII_1096    3.2000e-02  0.0000e+00  55.8450  1,3
1097.3692  ClI_1097     8.8000e-03  0.0000e+00  35.4527  1,34  
1099.5230  ClI_1099     1.1400e-02  0.0000e+00  35.4527  1,33  
1101.9361  ClI_1101     1.1300e-02  0.0000e+00  35.4527  1,33
1103.6290  CI_1103      1.4450e-02  0.0000e+00  12.0107    1  
1106.4490  VII_1106.4   2.3880e-02  0.0000e+00  50.9415    1
1106.5710  VII_1106.5   1.2330e-01  0.0000e+00  50.9415    1   
1112.0480  FeII_1112    6.2000e-03  0.0000e+00  55.8450  1,3
1112.2690  CI_1112      1.6060e-02  0.0000e+00  12.0107    1  
1114.6280  CI_1114      1.1290e-02  0.0000e+00  12.0107    1  
1117.9770  PV_1117      4.7320e-01  1.2630e+09  30.9738    1
1121.9748  FeII_1121    2.0200e-02  0.0000e+00  55.8450  1,3
1122.5260  FeIII_1122   7.8840e-02  0.0000e+00  55.8450    1
1125.4477  FeII_1125    1.6000e-02  0.0000e+00  55.8450  1,3
1127.0984  FeII_1127    2.8000e-03  0.0000e+00  55.8450  1,3
1128.0080  PV_1128      2.3450e-01  1.2290e+09  30.9738    1
1133.6650  FeII_1133    5.5000e-03  0.0000e+00  55.8450  1,3
1134.1653  NI_1134.1    1.3420e-02  1.3920e+08  14.0067    1
1134.4149  NI_1134.4    2.6830e-02  1.3910e+08  14.0067    1
1134.9803  NI_1134.9    4.0230e-02  1.3890e+08  14.0067    1
1139.7930  CI_1139      1.3960e-02  0.0000e+00  12.0107    1
1142.3656  FeII_1142    4.2000e-03  0.0000e+00  55.8450  1,3
1143.2260  FeII_1143    1.7700e-02  0.0000e+00  55.8450  1,3
1144.9379  FeII_1144    1.0600e-01  0.0000e+00  55.8450  1,3
1152.8180  PII_1152     2.3610e-01  1.2300e+09  30.9738  1,1,2
1157.9097  CI_1157      2.1780e-02  0.0000e+00  12.0107    1
1162.0150  MnII_1162    1.0160e-02  0.0000e+00  54.9381    1
1187.4170  CoII_1187    7.4200e-03  0.0000e+00  58.9332  1,27
1188.4900  CoII_1188    2.3100e-03  0.0000e+00  58.9332  1,27
1188.8332  CI_1188      1.2900e-02  0.0000e+00  12.0107    9
1190.2080  SIII_1190    2.3000e-02  6.2320e+07  32.0660  1,22,1
1190.4158  SiII_1190    2.9300e-01  4.0800e+09  28.0855  1,9,2
1193.0308  CI_1193.0    4.4470e-02  1.3020e+08  12.0107    1
1193.2897  SiII_1193    5.8400e-01  4.0700e+09  28.0855  1,9,2
1193.9955  CI_1193.9    1.2800e-02  0.0000e+00  12.0107  1,16
1194.5002  SiII*_1194   7.2900e-01  4.0800e+09  28.0855  1,36,2
1197.1840  MnII_1197    2.1670e-01  0.0000e+00  54.9381  1,18
1197.3938  SiII*_1197   1.4600e-01  4.0700e+09  28.0855  1,36,2
1199.3910  MnII_1199    1.6940e-01  0.0000e+00  54.9381  1,18
1199.5496  NI_1199      1.3280e-01  4.1040e+08  14.0067    1
1200.2233  NI_1200.2    8.8490e-02  4.0970e+08  14.0067    1
1200.7098  NI_1200.7    4.4230e-02  4.0930e+08  14.0067    1
1201.1180  MnII_1201    1.2130e-01  0.0000e+00  54.9381  1,18
1206.5000  SiIII_1206   1.6690e+00  2.5500e+09  28.0855    1
1207.0500  FeIII_1207   4.4230e-06  0.0000e+00  55.8450    1
1214.5660  FeIII_1214   4.2730e-04  0.0000e+00  55.8450    1
1215.3394  D_a          4.1650e-01  0.0000e+00   2.0079    1
1215.6701  Ly_a         4.1640e-01  6.2650e+08   1.0079    1
1238.8210  NV_1238      1.5700e-01  3.4110e+08  14.0067    1
1239.9253  MgII_1239    5.9800e-04  0.0000e+00  24.3050  1,17
1240.3947  MgII_1240    3.3220e-04  0.0000e+00  24.3050  1,17
1242.8040  NV_1242      7.8230e-02  3.3780e+08  14.0067    1
1250.5840  SII_1250     5.4530e-03  5.2600e+07  32.0660    1
1253.8110  SII_1253     1.0880e-02  4.6200e+07  32.0660    1
1255.2720  SiI_1255     2.8900e-01  0.0000e+00  28.0855  1,9
1259.5190  SII_1259     1.6240e-02  4.5600e+07  32.0660    1
1260.4221  SiII_1260    1.1800e+00  2.9500e+09  28.0855  1,9,2
1260.5330  FeII_1260    2.5000e-02  0.0000e+00  55.8450    1
1260.7351  CI_1260      5.0700e-02  2.4000e+08  12.0107    2
1264.7377  SiII*_1264   1.0600e-00  2.9300e+09  28.0855  1,36,2
1265.0020  SiII*_1265   1.1800e-01  2.9500e+09  28.0855  1,36,2
1277.2452  CI_1277      8.5300e-02  2.3200e+08  12.0107    2
1277.2827  CI*_1277.2   6.6600e-02  2.4600e+08  12.0107    2 
1277.5131  CI*_1277.5   2.1000e-02  2.3200e+08  12.0107    2 
1277.5496  CI**_1277.5  8.1170e-02  2.5890e+08  12.0107    1
1277.7229  CI**_1277.7  1.4490e-02  2.5890e+08  12.0107    1  
1280.1353  CI_1280      2.4320e-02  1.0630e+08  12.0107    1
1301.8740  PII_1301     1.2710e-02  4.8200e+07  30.9738  1,30,2
1302.1685  OI_1302      4.8870e-02  5.7500e+08  15.9994    1
1304.3702  SiII_1304    8.6000e-02  1.0100e+09  28.0855  1,7,2
1304.8576  OI*_1304     4.8770e-02  5.7500e+08  15.9994    1,2
1309.2757  SiII*_1309   8.6700e-02  1.0100e+09  28.0855  1,36,2
1314.9940  PI_1314      1.4390e-02  0.0000e+00  30.9738    1
1317.2170  NiII_1317    1.4580e-01  0.0000e+00  58.6934    1
1328.8333  CI_1328      7.5800e-02  2.8800e+08  12.0107    2
1329.5775  CI**_1329.5  5.6900e-02  2.8700e+08  12.0107    2  
1329.6004  CI**_1329.6  1.8900e-02  2.8800e+08  12.0107    2
1334.5323  CII_1334     1.2780e-01  2.8700e+08  12.0107    1
1335.6627  CII*_1335.6  1.2770e-02  2.8700e+08  12.0107    1
1335.7077  CII*_1335.7  1.1490e-01  2.8640e+08  12.0107    1
1335.7258  ClI_1335     2.9900e-02  6.7600e+08  35.4527  1,33,1
1341.8901  CaII_1341    1.9440e-03  0.0000e+00  40.0780  1,10
1342.5536  CaII_1342    1.1210e-03  0.0000e+00  40.0780  1,10
1345.8780  NiII_1345    7.6900e-03  0.0000e+00  58.6934  1,5*
1347.2396  ClI_1347     1.5300e-01  6.6200e+08  35.4527  1,34,1
1355.5977  OI_1355      1.2480e-06  0.0000e+00  15.9994    1
1358.7730  CuII_1358    2.6200e-01  7.2000e+08  63.5460  1,35,2
1367.9509  CuII_1367    1.8000e-01  6.2300e+08  63.5460  1,35,2
1370.1320  NiII_1370    7.6900e-02  0.0000e+00  58.6934  1,5*
1373.4905  PI_1373      1.3430e-02  0.0000e+00  30.9738    1
1377.0730  PI_1377      1.7300e-02  0.0000e+00  30.9738    1
1379.4282  PI_1379      4.2460e-02  0.0000e+00  30.9738    1
1381.4760  PI_1381      7.9060e-02  0.0000e+00  30.9738    1
1393.3240  NiII_1393    1.0090e-02  0.0000e+00  58.6934  1,5*
1393.7550  SiIV_1393    5.1400e-01  8.8250e+08  28.0855    1
1402.7700  SiIV_1402    2.5530e-01  8.6560e+08  28.0855    1
1414.4020  GaII_1414    1.7990e-00  2.0000e+09  69.7230    1
1424.7790  CoII_1424    1.0900e-02  0.0000e+00  58.9332  1,27
1448.0110  CoII_1448    7.9000e-03  0.0000e+00  58.9332  1,11
1454.8420  NiII_1454    3.2300e-02  0.0000e+00  58.6934  1,4
1466.2030  CoII_1466    3.1000e-02  0.0000e+00  58.9332  1,11
1467.2590  NiII_1467.2  6.3000e-03  0.0000e+00  58.6934  1,4
1467.7560  NiII_1467.7  9.9000e-03  0.0000e+00  58.6934  1,4
1472.3951  CuII_1472    2.2000e-02  3.6000e+08  63.5460  1,35,2
1480.9510  CoII_1480    1.1900e-02  0.0000e+00  58.9332  1,11
1502.1480  NiII_1502    1.3300e-02  0.0000e+00  58.6934    1
1526.7066  SiII_1526    1.3200e-01  1.1300e+09  28.0855  1,9,2
1532.5330  PII_1532     7.6100e-03  4.7700e+06  30.9738  1,1,2
1533.4312  SiII*_1533   1.3200e-01  1.1300e+09  28.0855  1,31,2
1547.9460  CoII_1547    1.1110e-02  0.0000e+00  58.9332  1,27
1548.1950  CIV_1548     1.9080e-01  2.6540e+08  12.0107    1
1550.7700  CIV_1550     9.5220e-02  2.6410e+08  12.0107    1
1552.7600  CoII_1552    1.1600e-02  0.0000e+00  58.9332  1,11
1554.2960  SiI_1554     7.6740e-02  0.0000e+00  28.0855    1
1560.3092  CI_1560      8.0410e-02  1.3210e+08  12.0107    1
1560.6822  CI*_1560.6   6.0300e-02  1.3210e+08  12.0107    1 
1560.7090  CI*_1560.7   2.0100e-02  1.3210e+08  12.0107    1
1561.3402  CI**_1561.3  1.2050e-02  1.3210e+08  12.0107    1
1561.4384  CI**_1561.4  6.7500e-02  1.3190e+08  12.0107    1
1562.0020  SiI_1562     3.7580e-01  0.0000e+00  28.0855    1
1572.6480  CoII_1572    1.2000e-02  0.0000e+00  58.9332  1,11
1574.5450  CoII_1574    2.5000e-02  0.0000e+00  58.9332  1,11
1602.4863  GeII_1602    1.3450e-01  9.9060e+08  72.6100    1
1608.4511  FeII_1608    5.8000e-02  2.7400e+08  55.8450  1,13,2
1611.2005  FeII_1611    1.3800e-03  2.8600e+08  55.8450  1,14,2
1625.7051  SiI_1625     8.5100e-02  0.0000e+00  28.0855  1,9
1631.1705  SiI_1631     2.0510e-01  0.0000e+00  28.0855    1
1649.8579  CaII_1649    1.3580e-03  0.0000e+00  40.0780  1,10
1651.9909  CaII_1651    9.1010e-04  0.0000e+00  40.0780  1,10
1656.2672  CI*_1656     5.8570e-02  3.4150e+08  12.0107    1
1656.9283  CI_1656      1.4050e-01  3.4100e+08  12.0107    1
1657.0082  CI**_1657    1.0540e-01  3.4150e+08  12.0107    1
1657.3792  CI*_1657.3   3.5120e-02  3.4100e+08  12.0107    1
1657.9068  CI*_1657.9   4.6810e-02  3.4080e+08  12.0107    1  
1658.1212  CI**_1658    3.5110e-02  3.4100e+08  12.0107    1
1670.7874  AlII_1670    1.8330e+00  1.4600e+09  26.9815    1	
1674.5953  PI_1674      1.6460e-02  0.0000e+00  30.9738    1
1679.6969  PI_1679      2.4610e-02  0.0000e+00  30.9738    1
1693.2935  SiI_1693     1.5600e-01  0.0000e+00  28.0855  1,9
1703.4050  NiII_1703    6.0000e-03  5.0000e+08  58.6934  1,4,2
1709.6000  NiII_1709    3.2400e-02  4.3500e+08  58.6934  1,4,2
1741.5490  NiII_1741    4.2700e-02  5.0000e+08  58.6934  1,4,2
1751.9100  NiII_1751    2.7700e-02  3.7000e+08  58.6934  1,4,2
1773.9490  NiII_1773    6.2210e-03  0.0000e+00  58.6934    1
1774.9487  PI_1774      1.5430e-01  2.1770e+08  30.9738    1
1782.8291  PI_1782      1.0240e-01  2.1490e+08  30.9738    1
1787.6481  PI_1787      5.1050e-02  2.1310e+08  30.9738    1
1804.4730  NiII_1804    7.1590e-03  0.0000e+00  58.6934    1
1808.0126  SiII_1808    2.0800e-03  2.3800e+06  28.0855  1,28,2
1827.9351  MgI_1827     2.4500e-02  0.0000e+00  24.3050    1
1845.5202  SiI_1845     2.7100e-01  0.0000e+00  28.0855  1,9
1851.6880  FeI_1851     2.2220e-02  0.0000e+00  55.8450    1
1854.7164  AlIII_1854   5.6020e-01  5.4320e+08  26.9815    1 
1861.0335  FeI_1861     3.1530e-03  0.0000e+00  55.8450    1 
1862.7895  AlIII_1862   2.7890e-01  5.3610e+08  26.9815    1 
1875.1584  FeI_1875     8.7450e-03  0.0000e+00  55.8450    1 
1883.7787  FeI_1883     5.2690e-03  0.0000e+00  55.8450    1
1888.4448  FeI_1888     3.1970e-03  0.0000e+00  55.8450    1
1892.0300  SiIII_1892   2.6890e-05  1.6700e+04  28.0855    1
1905.7740  TiII_1905    1.6100e-02  0.0000e+00  47.8670    1
1906.2390  TiII_1906    2.2800e-02  0.0000e+00  47.8670    1
1908.7340  CIII_1908    1.2320e-07  7.5200e+01  12.0107    1
1910.6090  TiII_1910.6  1.0400e-01  0.0000e+00  47.8670  1,24
1910.9380  TiII_1910.9  9.8000e-02  0.0000e+00  47.8670  1,24
1934.5351  FeI_1934     1.1110e-02  0.0000e+00  55.8450    1
1937.2682  FeI_1937     9.4570e-03  0.0000e+00  55.8450    1
1941.2800  CoII_1941    3.4000e-02  4.3500e+08  58.9332  1,11,2
1946.9878  FeI_1946     5.2820e-03  0.0000e+00  55.8450    1
2012.1610  CoII_2012    3.6800e-02  3.4500e+08  58.9332  1,26,2
2026.1360  ZnII_2026    4.8860e-01  4.1840e+08  65.3900  1,8,1
2026.2690  CrII_2026    1.2970e-03  0.0000e+00  51.9961    29
2026.4070  CoII_2026    1.2500e-02  3.0300e+08  58.9332  1,26,2
2026.4768  MgI_2026     1.1540e-01  7.2500e+07  24.3050    1
2040.5690  CrII_2040    1.4660e-03  0.0000e+00  51.9961    29
2056.2540  CrII_2056    1.0500e-01  4.0700e+08  51.9961  1,8,2
2059.4710  CoII_2059    7.5100e-03  2.7800e+08  58.9332  1,26,2
2062.2340  CrII_2062    7.8000e-02  4.0600e+08  51.9961  1,8,2
2062.6640  ZnII_2062    2.5640e-01  3.9650e+08  65.3900  1,8,1
2066.1610  CrII_2066    5.1500e-02  4.1700e+08  51.9961  1,8,2
2084.7840  FeI_2084     1.8870e-02  0.0000e+00  55.8450    1
2132.6899  FeI_2132     5.1970e-03  0.0000e+00  55.8450    1
2138.8270  VII_2138     8.2030e-02  0.0000e+00  50.9415    1
2140.3727  FeI_2140     1.5160e-02  0.0000e+00  55.8450    1
2141.7670  VII_2141     8.0540e-03  0.0000e+00  50.9415    1
2167.4531  FeI_2167     1.4990e-01  0.0000e+00  55.8450    1
2208.6665  SiI_2208     5.7540e-02  3.6060e+07  28.0855  1,23,1
2249.8768  FeII_2249    1.8200e-03  3.3100e+08  55.8450  1,12,2
2260.2097  FeI_2260     5.3000e-03  2.5600e+08  55.8450    2
2260.7805  FeII_2260    2.4400e-03  2.5800e+08  55.8450  1,12,2
2276.7289  FeI_2276     7.5600e-03  1.1800e+08  55.8450    2
2298.8769  FeI_2298     2.4480e-02  1.3500e+08  55.8450    1
2325.4030  CII_2325     4.4830e-08  1.2080e+02  12.0107    1
2344.2140  FeII_2344    1.1400e-01  2.6800e+08  55.8450  1,12,1
2374.4612  FeII_2374    3.1300e-02  2.9900e+08  55.8450  1,12,1
2382.7650  FeII_2382    3.2000e-01  3.1000e+08  55.8450  1,12,1
2463.3922  FeI_2463     5.3180e-02  5.0000e+08  55.8450    1
2484.0211  FeI_2484     5.5690e-01  5.0000e+08  55.8450    1
2501.8862  FeI_2501     4.9630e-02  3.8000e+08  55.8450    1
2515.0725  SiI_2515     2.1040e-01  1.6850e+08  28.0855  1,23,1
2523.6083  FeI_2523     1.9800e-01  3.7300e+08  55.8450    2
2576.8770  MnII_2576    3.5880e-01  2.8200e+08  54.9381  1,19,19
2586.6500  FeII_2586    6.9100e-02  2.7200e+08  55.8450  1,12,1
2594.4990  MnII_2594    2.7850e-01  2.7700e+08  54.9381  1,19,19
2600.1729  FeII_2600    2.3900e-01  2.7000e+08  55.8450  1,12,1 
2606.4620  MnII_2606    1.9720e-01  2.7200e+08  54.9381  1,19,19
2683.8870  VII_2683     1.0260e-01  2.9000e+08  50.9415    1
2706.0210  VII_2706     1.3650e-02  2.1300e+08  50.9415    1
2719.8331  FeI_2719     1.1910e-01  1.7500e+08  55.8450    1
2740.5250  VII_2740     1.0210e-01  0.0000e+00  50.9415    1
2796.3520  MgII_2796    6.1230e-01  2.6120e+08  24.3050    1
2803.5300  MgII_2803    3.0540e-01  2.5920e+08  24.3050    1
2852.9650  MgI_2852     1.8300e+00  5.0000e+08  24.3050    1
2937.7624  FeI_2937     1.6820e-02  1.3000e+08  55.8450    1
2967.7647  FeI_2967     4.3830e-02  1.2700e+08  55.8450    1
2984.4403  FeI_2984     2.9020e-02  1.7500e+08  55.8450    1
3021.5189  FeI_3021     1.0390e-01  1.6900e+08  55.8450    1
3067.2450  TiII_3067    4.8750e-02  2.5000e+08  47.8670  1,25,1
3073.8770  TiII_3073    1.0910e-01  2.5000e+08  47.8670    1
3148.9610  TiII_3148    1.5770e-02  0.0000e+08  47.8670    1
3242.9184  TiII_3242    2.3200e-01  2.4400e+08  47.8670    1,2,3
3073.8770  TiII_3073    1.0910e-01  2.5000e+08  47.8670    1
3934.7770  CaII_K       6.8200e-01  1.47000e+08  45.1111    1,2,3
3969.5920  CaII_H       3.3000e-01  1.47000e+08  45.1111    1,2,3
5889.9500  NaD1         6.4100e-01  6.1600e+07  50.1111    1,2,3
5895.9240  NaD2         3.2000e-01  6.1400e+07  50.1111    1,2,3
